<?xml version="1.0" encoding="UTF-8" standalone="no"?>
<!DOCTYPE svg PUBLIC "-//W3C//DTD SVG 20010904//EN"
              "http://www.w3.org/TR/2001/REC-SVG-20010904/DTD/svg10.dtd">

<svg xmlns="http://www.w3.org/2000/svg"
     width="9.72222in" height="9.72222in"
     viewBox="0 0 875 875">
  <path id="Selection"
        fill="none" stroke="black" stroke-width="1"
        d="M 276.00,296.00
           C 276.00,296.00 295.27,274.00 295.27,274.00
             297.11,271.85 301.23,266.31 304.04,266.03
             307.05,265.73 311.75,270.50 314.00,272.42
             314.00,272.42 339.00,293.87 339.00,293.87
             339.00,293.87 403.00,348.73 403.00,348.73
             403.00,348.73 438.00,379.00 438.00,379.00
             442.64,372.82 464.70,354.98 472.00,348.73
             472.00,348.73 537.00,293.00 537.00,293.00
             537.00,293.00 561.00,272.42 561.00,272.42
             563.25,270.50 567.95,265.73 570.96,266.03
             573.77,266.31 577.89,271.85 579.73,274.00
             579.73,274.00 599.00,297.00 599.00,297.00
             599.00,297.00 556.00,334.27 556.00,334.27
             556.00,334.27 477.00,402.00 477.00,402.00
             477.00,402.00 448.00,426.95 448.00,426.95
             445.25,429.39 439.97,435.13 436.00,433.85
             433.41,433.01 424.64,424.83 422.00,422.58
             422.00,422.58 390.00,395.13 390.00,395.13
             390.00,395.13 313.00,329.13 313.00,329.13
             304.75,322.03 281.23,303.24 276.00,296.00 Z" />
</svg>
