<?xml version="1.0" encoding="UTF-8" standalone="no"?>
<!DOCTYPE svg PUBLIC "-//W3C//DTD SVG 20010904//EN"
              "http://www.w3.org/TR/2001/REC-SVG-20010904/DTD/svg10.dtd">

<svg xmlns="http://www.w3.org/2000/svg"
     width="9.72222in" height="9.72222in"
     viewBox="0 0 875 875">
  <path id="Selection"
        fill="none" stroke="black" stroke-width="1"
        d="M 437.00,424.00
           C 437.00,424.00 402.00,460.00 402.00,460.00
             402.00,460.00 334.00,528.00 334.00,528.00
             334.00,528.00 239.00,623.00 239.00,623.00
             239.00,623.00 190.00,671.53 190.00,671.53
             163.37,693.14 121.76,683.08 108.82,651.00
             106.47,645.16 105.08,640.33 105.00,634.00
             104.89,624.47 104.94,618.00 108.87,609.00
             113.40,598.63 120.21,592.79 128.00,585.00
             128.00,585.00 155.00,558.00 155.00,558.00
             155.00,558.00 299.00,414.00 299.00,414.00
             299.00,414.00 346.00,367.00 346.00,367.00
             346.00,367.00 356.99,356.00 356.99,356.00
             358.41,354.52 360.96,352.20 360.96,350.00
             360.96,347.80 358.41,345.48 356.99,344.00
             356.99,344.00 346.00,333.00 346.00,333.00
             346.00,333.00 299.00,286.00 299.00,286.00
             299.00,286.00 155.00,142.00 155.00,142.00
             155.00,142.00 128.00,115.00 128.00,115.00
             120.21,107.21 113.40,101.37 108.87,91.00
             104.94,82.00 104.89,75.53 105.00,66.00
             105.50,24.08 158.56,2.39 190.00,28.33
             190.00,28.33 219.00,57.00 219.00,57.00
             219.00,57.00 273.00,111.00 273.00,111.00
             273.00,111.00 438.00,276.00 438.00,276.00
             438.00,276.00 473.00,240.00 473.00,240.00
             473.00,240.00 539.00,174.00 539.00,174.00
             539.00,174.00 636.00,77.00 636.00,77.00
             636.00,77.00 685.00,28.33 685.00,28.33
             716.46,2.38 769.50,24.08 770.00,66.00
             770.11,75.49 769.79,83.14 765.68,92.00
             761.12,101.81 754.47,107.53 747.00,115.00
             747.00,115.00 720.00,142.00 720.00,142.00
             720.00,142.00 576.00,286.00 576.00,286.00
             576.00,286.00 529.00,333.00 529.00,333.00
             529.00,333.00 518.01,344.00 518.01,344.00
             516.59,345.48 514.04,347.80 514.04,350.00
             514.04,352.20 516.59,354.52 518.01,356.00
             518.01,356.00 529.00,367.00 529.00,367.00
             529.00,367.00 573.00,411.00 573.00,411.00
             573.00,411.00 723.00,561.00 723.00,561.00
             723.00,561.00 743.00,581.00 743.00,581.00
             756.28,594.28 767.24,604.23 769.07,624.00
             769.35,626.93 769.90,629.01 769.68,632.00
             768.39,649.10 761.81,662.83 748.00,673.47
             730.34,687.08 702.02,685.71 685.00,671.67
             685.00,671.67 656.00,643.00 656.00,643.00
             656.00,643.00 602.00,589.00 602.00,589.00
             602.00,589.00 437.00,424.00 437.00,424.00 Z" />
</svg>
