<?xml version="1.0" encoding="UTF-8" standalone="no"?>
<!DOCTYPE svg PUBLIC "-//W3C//DTD SVG 20010904//EN"
              "http://www.w3.org/TR/2001/REC-SVG-20010904/DTD/svg10.dtd">

<svg xmlns="http://www.w3.org/2000/svg"
     width="9.72222in" height="9.72222in"
     viewBox="0 0 875 875">
  <path id="Selection #1"
        fill="none" stroke="black" stroke-width="1"
        d="M 580.00,270.00
           C 580.00,270.00 603.00,289.27 603.00,289.27
             605.15,291.11 610.69,295.23 610.97,298.04
             611.27,301.05 606.50,305.75 604.58,308.00
             604.58,308.00 583.13,333.00 583.13,333.00
             583.13,333.00 528.27,397.00 528.27,397.00
             528.27,397.00 498.00,432.00 498.00,432.00
             504.18,436.64 522.02,458.70 528.27,466.00
             528.27,466.00 584.00,531.00 584.00,531.00
             584.00,531.00 604.58,555.00 604.58,555.00
             606.50,557.25 611.27,561.95 610.97,564.96
             610.69,567.77 605.15,571.89 603.00,573.73
             603.00,573.73 580.00,593.00 580.00,593.00
             580.00,593.00 542.73,550.00 542.73,550.00
             542.73,550.00 475.00,471.00 475.00,471.00
             475.00,471.00 450.05,442.00 450.05,442.00
             447.61,439.25 441.87,433.97 443.15,430.00
             443.99,427.41 452.17,418.64 454.42,416.00
             454.42,416.00 482.73,383.00 482.73,383.00
             482.73,383.00 542.73,313.00 542.73,313.00
             542.73,313.00 580.00,270.00 580.00,270.00 Z" />
</svg>
