<?xml version="1.0" encoding="UTF-8" standalone="no"?>
<!DOCTYPE svg PUBLIC "-//W3C//DTD SVG 20010904//EN"
              "http://www.w3.org/TR/2001/REC-SVG-20010904/DTD/svg10.dtd">

<svg xmlns="http://www.w3.org/2000/svg"
     width="9.72222in" height="9.72222in"
     viewBox="0 0 875 875">
  <path id="Selection"
        fill="none" stroke="black" stroke-width="1"
        d="M 255.00,277.00
           C 255.00,277.00 286.00,308.00 286.00,308.00
             286.00,308.00 304.00,326.00 304.00,326.00
             307.91,329.91 319.58,340.60 321.26,345.00
             323.91,351.93 320.83,359.77 313.00,360.77
             303.98,361.93 293.96,348.96 288.00,343.00
             288.00,343.00 235.00,290.00 235.00,290.00
             228.83,283.83 217.03,275.17 217.03,266.00
             217.03,263.86 217.20,261.94 218.17,260.00
             220.05,256.26 232.29,244.71 236.00,241.00
             236.00,241.00 284.00,193.00 284.00,193.00
             288.76,188.24 301.70,174.15 307.00,172.01
             316.03,168.36 325.04,175.55 322.19,185.00
             320.36,191.10 308.84,201.16 304.00,206.00
             304.00,206.00 286.00,224.00 286.00,224.00
             286.00,224.00 255.00,255.00 255.00,255.00
             255.00,255.00 469.00,255.00 469.00,255.00
             488.33,255.00 524.56,253.90 542.00,256.43
             564.56,259.70 585.68,268.66 604.00,282.16
             675.73,334.98 676.17,444.52 607.00,499.55
             595.65,508.58 581.74,516.32 568.00,521.00
             555.44,525.27 540.29,528.84 527.00,529.00
             475.81,529.60 427.34,506.18 402.31,460.00
             390.54,438.29 384.87,418.73 385.00,394.00
             385.04,386.21 387.82,380.05 397.00,381.23
             403.94,382.11 405.89,386.81 406.71,393.00
             406.71,393.00 407.29,405.00 407.29,405.00
             408.84,417.66 413.39,432.72 419.32,444.00
             440.08,483.47 480.59,507.52 525.00,507.00
             538.20,506.84 557.17,502.06 569.00,496.24
             585.27,488.25 598.95,478.13 610.54,464.00
             654.28,410.65 640.39,332.70 583.00,295.34
             566.27,284.45 543.03,277.03 523.00,277.00
             523.00,277.00 504.00,277.00 504.00,277.00
             504.00,277.00 467.00,277.00 467.00,277.00
             467.00,277.00 255.00,277.00 255.00,277.00 Z" fill="#fff"/>
</svg>
