<?xml version="1.0" encoding="UTF-8" standalone="no"?>
<!DOCTYPE svg PUBLIC "-//W3C//DTD SVG 20010904//EN"
              "http://www.w3.org/TR/2001/REC-SVG-20010904/DTD/svg10.dtd">

<svg xmlns="http://www.w3.org/2000/svg"
     width="9.72222in" height="9.72222in"
     viewBox="0 0 875 875">
  <path id="Selection #2"
        fill="none" stroke="black" stroke-width="1"
        d="M 298.00,270.00
           C 303.96,274.31 308.36,280.45 313.13,286.00
             313.13,286.00 335.42,312.00 335.42,312.00
             335.42,312.00 404.87,393.00 404.87,393.00
             404.87,393.00 428.95,421.00 428.95,421.00
             431.39,423.75 437.13,429.03 435.85,433.00
             435.01,435.59 426.83,444.36 424.58,447.00
             424.58,447.00 397.13,479.00 397.13,479.00
             397.13,479.00 331.13,556.00 331.13,556.00
             324.03,564.25 305.24,587.77 298.00,593.00
             298.00,593.00 276.00,573.73 276.00,573.73
             273.85,571.89 268.31,567.77 268.03,564.96
             267.73,561.95 272.50,557.25 274.42,555.00
             274.42,555.00 295.87,530.00 295.87,530.00
             295.87,530.00 350.73,466.00 350.73,466.00
             350.73,466.00 381.00,431.00 381.00,431.00
             374.82,426.36 356.98,404.30 350.73,397.00
             350.73,397.00 295.00,332.00 295.00,332.00
             295.00,332.00 274.42,308.00 274.42,308.00
             272.50,305.75 267.73,301.05 268.03,298.04
             268.31,295.23 273.85,291.11 276.00,289.27
             276.00,289.27 298.00,270.00 298.00,270.00 Z" />
</svg>
