<?xml version="1.0" encoding="UTF-8" standalone="no"?>
<!DOCTYPE svg PUBLIC "-//W3C//DTD SVG 20010904//EN"
              "http://www.w3.org/TR/2001/REC-SVG-20010904/DTD/svg10.dtd">

<svg xmlns="http://www.w3.org/2000/svg"
     width="9.72222in" height="9.72222in"
     viewBox="0 0 875 875">
  <path id="Selection"
        fill="none" stroke="black" stroke-width="1"
        d="M 91.00,365.00
           C 91.00,365.00 148.00,308.00 148.00,308.00
             148.00,308.00 162.00,294.00 162.00,294.00
             162.00,294.00 169.00,289.20 169.00,289.20
             169.00,289.20 175.00,293.02 175.00,293.02
             175.00,293.02 187.00,305.00 187.00,305.00
             187.00,305.00 237.00,355.00 237.00,355.00
             241.30,348.99 250.45,340.55 256.00,335.00
             256.00,335.00 288.00,303.00 288.00,303.00
             291.31,299.69 301.31,287.55 306.00,289.17
             308.76,290.12 318.34,300.34 321.00,303.00
             321.00,303.00 355.00,337.00 355.00,337.00
             355.00,337.00 366.00,347.99 366.00,347.99
             367.48,349.41 369.80,351.96 372.00,351.96
             375.14,351.96 383.50,342.50 386.00,340.00
             386.00,340.00 423.00,303.00 423.00,303.00
             426.31,299.69 436.31,287.55 441.00,289.17
             443.09,289.89 446.37,293.38 448.00,295.00
             448.00,295.00 461.00,308.00 461.00,308.00
             461.00,308.00 508.00,355.00 508.00,355.00
             508.00,355.00 526.00,336.00 526.00,336.00
             526.00,336.00 557.00,305.00 557.00,305.00
             557.00,305.00 569.00,293.02 569.00,293.02
             569.00,293.02 575.00,289.20 575.00,289.20
             575.00,289.20 581.00,293.02 581.00,293.02
             581.00,293.02 593.00,305.00 593.00,305.00
             593.00,305.00 643.00,355.00 643.00,355.00
             647.27,349.03 655.56,341.44 661.00,336.00
             661.00,336.00 693.00,304.00 693.00,304.00
             693.00,304.00 705.00,292.06 705.00,292.06
             706.69,290.55 708.52,288.72 711.00,289.34
             713.48,289.96 723.14,300.09 726.00,302.58
             726.00,302.58 771.00,347.00 771.00,347.00
             773.81,349.81 785.95,361.15 786.66,364.00
             787.08,365.65 786.52,366.66 785.63,368.00
             785.63,368.00 774.00,379.98 774.00,379.98
             772.49,381.42 770.24,383.80 768.00,383.80
             764.84,383.80 758.33,376.33 756.00,374.00
             756.00,374.00 725.00,344.00 725.00,344.00
             722.40,341.40 713.18,331.04 710.00,331.04
             707.80,331.04 705.48,333.59 704.00,335.01
             704.00,335.01 691.00,348.00 691.00,348.00
             691.00,348.00 661.00,378.00 661.00,378.00
             655.56,383.44 647.97,391.73 642.00,396.00
             642.00,396.00 592.00,346.00 592.00,346.00
             592.00,346.00 580.00,334.04 580.00,334.04
             580.00,334.04 574.00,331.20 574.00,331.20
             574.00,331.20 559.00,345.00 559.00,345.00
             559.00,345.00 524.00,380.00 524.00,380.00
             524.00,380.00 513.00,390.98 513.00,390.98
             513.00,390.98 507.00,394.80 507.00,394.80
             507.00,394.80 501.00,390.98 501.00,390.98
             501.00,390.98 489.00,379.00 489.00,379.00
             489.00,379.00 439.00,329.00 439.00,329.00
             439.00,329.00 421.00,348.00 421.00,348.00
             421.00,348.00 390.00,379.00 390.00,379.00
             390.00,379.00 378.00,390.98 378.00,390.98
             378.00,390.98 372.00,394.80 372.00,394.80
             372.00,394.80 366.00,390.98 366.00,390.98
             366.00,390.98 354.00,379.00 354.00,379.00
             354.00,379.00 304.00,329.00 304.00,329.00
             299.70,335.01 290.55,343.45 285.00,349.00
             285.00,349.00 253.00,381.00 253.00,381.00
             249.60,384.40 239.88,396.59 235.00,394.26
             232.74,393.18 222.51,382.51 220.00,380.00
             220.00,380.00 187.00,347.00 187.00,347.00
             187.00,347.00 175.00,335.01 175.00,335.01
             173.52,333.59 171.20,331.04 169.00,331.04
             165.79,331.04 155.70,342.30 153.00,345.00
             153.00,345.00 111.00,386.00 111.00,386.00
             111.00,386.00 91.00,365.00 91.00,365.00 Z" />
</svg>
